a_1 = 0.17615541165330878 +- 3.1166269965876544e-14  
a_3 = -0.1676734946492591 +- 9.20964096088e-09  
a_5 = 0.1519152136294542 +- 1.4492828826526522e-13  
a_7 = -0.13101063382317746 +- 8.010826642471062e-13  
a_9 = 0.10754253095422867 +- 4.616346356152887e-12  
a_11 = -0.08402768232829105 +- 2.1858683334245648e-11  
a_13 = 0.06249322582372817 +- 9.077062389940366e-11  
a_15 = -0.04423967496086807 +- 3.379341218555952e-10  
a_17 = 0.029809818942838986 +- 1.149145184896288e-09  
a_19 = -0.019119440333167884 +- 3.5001881137711894e-09  
a_21 = 0.011672380567586248 +- 9.4813572152703e-09  
a_23 = -0.006782848685429465 +- 1.1225776980437884e-08  
a_25 = 0.003751744417187327 +- 1.5239753339310536e-13  
a_27 = -0.001975253261230832 +- 6.916617758197206e-11  
a_29 = 0.0009898759127065144 +- 1.847357215211197e-10  
a_31 = -0.0004721795257759748 +- 3.0050039875510086e-09  
a_33 = 0.0002143887406951795 +- 7.226021969837557e-11  
a_35 = -9.265422360026375e-05 +- 9.557361622575683e-10  
a_37 = 3.8115085254638225e-05 +- 3.1750041904729175e-09  
a_39 = -1.4924403979323878e-05 +- 4.582212851374688e-09  
a_41 = 5.562442353409733e-06 +- 1.0341032685460432e-09  
a_43 = -1.973342532381097e-06 +- 1.3570874248163236e-08  
