a_1 = 0.0435561870905623 +- 4.835708177282327e-16  
a_2 = -0.005444523386320286 +- 4.1366264918308317e-16  
a_3 = 0.0016131921144652717 +- 1.2979147313988307e-12  
a_4 = -0.000680565423290036 +- 1.9928542754345928e-09  
a_5 = 0.00034844949672449484 +- 1.1776551116438735e-15  
a_6 = -0.00020164901430816135 +- 2.0400023122722438e-13  
a_7 = 0.00012698596819406266 +- 1.24335874566535e-11  
a_8 = -8.507067791124453e-05 +- 1.8173733575536143e-10  
a_9 = 5.974785609130083e-05 +- 3.237943100331146e-09  
a_10 = -4.3556187090562106e-05 +- 4.0091896196088753e-16  
a_11 = 3.2724408031992776e-05 +- 1.5592614969531702e-15  
a_12 = -2.520612678853871e-05 +- 4.397484420174076e-14  
a_13 = 1.982530136121637e-05 +- 3.894818630895428e-13  
a_14 = -1.5873246024237023e-05 +- 3.0392769788418567e-12  
a_15 = 1.2905536915723049e-05 +- 2.4339256515890938e-11  
a_16 = -1.0633834738903072e-05 +- 6.940015748739141e-11  
a_17 = 8.865497067083502e-06 +- 3.8533159707829917e-10  
a_18 = -7.468482011431444e-06 +- 1.4322636711019255e-09  
a_19 = 6.350224098360872e-06 +- 2.5162567255487255e-09  
a_20 = -5.44452338633759e-06 +- 1.4824735789863511e-08  
a_21 = 4.703184007196198e-06 +- 4.0649137347736506e-16  
a_22 = -4.0905510039695525e-06 +- 8.588329974845893e-16  
a_23 = 3.5798625043641816e-06 +- 1.2593953974329943e-15  
a_24 = -3.1507658485967205e-06 +- 1.7220848513264535e-14  
a_25 = 2.7875959738214804e-06 +- 4.584064078370806e-14  
a_26 = -2.478162670178311e-06 +- 1.4094786192284927e-13  
a_27 = 2.2128835589350264e-06 +- 4.2066297295867965e-13  
a_28 = -1.9841557530119553e-06 +- 1.1507047276114755e-12  
a_29 = 1.7858947513304515e-06 +- 3.1318229484609703e-12  
a_30 = -1.6131921144401057e-06 +- 8.804292407016567e-12  
a_31 = 1.4620585777830937e-06 +- 2.8949981241580104e-11  
a_32 = -1.3292293423670192e-06 +- 2.7919530811037203e-11  
a_33 = 1.2120151122872096e-06 +- 9.920681763384695e-11  
a_34 = -1.1081871333848956e-06 +- 2.2454707015677907e-10  
a_35 = 1.015887745530776e-06 +- 4.813823718073614e-10  
